{
 "cells": [
  {
   "cell_type": "code",
   "execution_count": 6,
   "id": "6975a4b2",
   "metadata": {},
   "outputs": [
    {
     "name": "stdout",
     "output_type": "stream",
     "text": [
      "{'data':      sepal length (cm)  sepal width (cm)  petal length (cm)  petal width (cm)\n",
      "0                  5.1               3.5                1.4               0.2\n",
      "1                  4.9               3.0                1.4               0.2\n",
      "2                  4.7               3.2                1.3               0.2\n",
      "3                  4.6               3.1                1.5               0.2\n",
      "4                  5.0               3.6                1.4               0.2\n",
      "..                 ...               ...                ...               ...\n",
      "145                6.7               3.0                5.2               2.3\n",
      "146                6.3               2.5                5.0               1.9\n",
      "147                6.5               3.0                5.2               2.0\n",
      "148                6.2               3.4                5.4               2.3\n",
      "149                5.9               3.0                5.1               1.8\n",
      "\n",
      "[150 rows x 4 columns], 'target': 0      0\n",
      "1      0\n",
      "2      0\n",
      "3      0\n",
      "4      0\n",
      "      ..\n",
      "145    2\n",
      "146    2\n",
      "147    2\n",
      "148    2\n",
      "149    2\n",
      "Name: target, Length: 150, dtype: int32, 'frame':      sepal length (cm)  sepal width (cm)  petal length (cm)  petal width (cm)  \\\n",
      "0                  5.1               3.5                1.4               0.2   \n",
      "1                  4.9               3.0                1.4               0.2   \n",
      "2                  4.7               3.2                1.3               0.2   \n",
      "3                  4.6               3.1                1.5               0.2   \n",
      "4                  5.0               3.6                1.4               0.2   \n",
      "..                 ...               ...                ...               ...   \n",
      "145                6.7               3.0                5.2               2.3   \n",
      "146                6.3               2.5                5.0               1.9   \n",
      "147                6.5               3.0                5.2               2.0   \n",
      "148                6.2               3.4                5.4               2.3   \n",
      "149                5.9               3.0                5.1               1.8   \n",
      "\n",
      "     target  \n",
      "0         0  \n",
      "1         0  \n",
      "2         0  \n",
      "3         0  \n",
      "4         0  \n",
      "..      ...  \n",
      "145       2  \n",
      "146       2  \n",
      "147       2  \n",
      "148       2  \n",
      "149       2  \n",
      "\n",
      "[150 rows x 5 columns], 'target_names': array(['setosa', 'versicolor', 'virginica'], dtype='<U10'), 'DESCR': '.. _iris_dataset:\\n\\nIris plants dataset\\n--------------------\\n\\n**Data Set Characteristics:**\\n\\n:Number of Instances: 150 (50 in each of three classes)\\n:Number of Attributes: 4 numeric, predictive attributes and the class\\n:Attribute Information:\\n    - sepal length in cm\\n    - sepal width in cm\\n    - petal length in cm\\n    - petal width in cm\\n    - class:\\n            - Iris-Setosa\\n            - Iris-Versicolour\\n            - Iris-Virginica\\n\\n:Summary Statistics:\\n\\n============== ==== ==== ======= ===== ====================\\n                Min  Max   Mean    SD   Class Correlation\\n============== ==== ==== ======= ===== ====================\\nsepal length:   4.3  7.9   5.84   0.83    0.7826\\nsepal width:    2.0  4.4   3.05   0.43   -0.4194\\npetal length:   1.0  6.9   3.76   1.76    0.9490  (high!)\\npetal width:    0.1  2.5   1.20   0.76    0.9565  (high!)\\n============== ==== ==== ======= ===== ====================\\n\\n:Missing Attribute Values: None\\n:Class Distribution: 33.3% for each of 3 classes.\\n:Creator: R.A. Fisher\\n:Donor: Michael Marshall (MARSHALL%PLU@io.arc.nasa.gov)\\n:Date: July, 1988\\n\\nThe famous Iris database, first used by Sir R.A. Fisher. The dataset is taken\\nfrom Fisher\\'s paper. Note that it\\'s the same as in R, but not as in the UCI\\nMachine Learning Repository, which has two wrong data points.\\n\\nThis is perhaps the best known database to be found in the\\npattern recognition literature.  Fisher\\'s paper is a classic in the field and\\nis referenced frequently to this day.  (See Duda & Hart, for example.)  The\\ndata set contains 3 classes of 50 instances each, where each class refers to a\\ntype of iris plant.  One class is linearly separable from the other 2; the\\nlatter are NOT linearly separable from each other.\\n\\n.. dropdown:: References\\n\\n  - Fisher, R.A. \"The use of multiple measurements in taxonomic problems\"\\n    Annual Eugenics, 7, Part II, 179-188 (1936); also in \"Contributions to\\n    Mathematical Statistics\" (John Wiley, NY, 1950).\\n  - Duda, R.O., & Hart, P.E. (1973) Pattern Classification and Scene Analysis.\\n    (Q327.D83) John Wiley & Sons.  ISBN 0-471-22361-1.  See page 218.\\n  - Dasarathy, B.V. (1980) \"Nosing Around the Neighborhood: A New System\\n    Structure and Classification Rule for Recognition in Partially Exposed\\n    Environments\".  IEEE Transactions on Pattern Analysis and Machine\\n    Intelligence, Vol. PAMI-2, No. 1, 67-71.\\n  - Gates, G.W. (1972) \"The Reduced Nearest Neighbor Rule\".  IEEE Transactions\\n    on Information Theory, May 1972, 431-433.\\n  - See also: 1988 MLC Proceedings, 54-64.  Cheeseman et al\"s AUTOCLASS II\\n    conceptual clustering system finds 3 classes in the data.\\n  - Many, many more ...\\n', 'feature_names': ['sepal length (cm)', 'sepal width (cm)', 'petal length (cm)', 'petal width (cm)'], 'filename': 'iris.csv', 'data_module': 'sklearn.datasets.data'}\n",
      "XTEST\n",
      "     sepal length (cm)  sepal width (cm)  petal length (cm)  petal width (cm)\n",
      "73                 6.1               2.8                4.7               1.2\n",
      "18                 5.7               3.8                1.7               0.3\n",
      "118                7.7               2.6                6.9               2.3\n",
      "78                 6.0               2.9                4.5               1.5\n",
      "76                 6.8               2.8                4.8               1.4\n",
      "31                 5.4               3.4                1.5               0.4\n",
      "64                 5.6               2.9                3.6               1.3\n",
      "141                6.9               3.1                5.1               2.3\n",
      "68                 6.2               2.2                4.5               1.5\n",
      "82                 5.8               2.7                3.9               1.2\n",
      "110                6.5               3.2                5.1               2.0\n",
      "12                 4.8               3.0                1.4               0.1\n",
      "36                 5.5               3.5                1.3               0.2\n",
      "9                  4.9               3.1                1.5               0.1\n",
      "19                 5.1               3.8                1.5               0.3\n",
      "56                 6.3               3.3                4.7               1.6\n",
      "104                6.5               3.0                5.8               2.2\n",
      "69                 5.6               2.5                3.9               1.1\n",
      "55                 5.7               2.8                4.5               1.3\n",
      "132                6.4               2.8                5.6               2.2\n",
      "29                 4.7               3.2                1.6               0.2\n",
      "127                6.1               3.0                4.9               1.8\n",
      "26                 5.0               3.4                1.6               0.4\n",
      "128                6.4               2.8                5.6               2.1\n",
      "131                7.9               3.8                6.4               2.0\n",
      "145                6.7               3.0                5.2               2.3\n",
      "108                6.7               2.5                5.8               1.8\n",
      "143                6.8               3.2                5.9               2.3\n",
      "45                 4.8               3.0                1.4               0.3\n",
      "30                 4.8               3.1                1.6               0.2\n",
      "XTEST\n",
      "     sepal length (cm)  sepal width (cm)  petal length (cm)  petal width (cm)\n",
      "9                  4.9               3.1                1.5               0.1\n",
      "12                 4.8               3.0                1.4               0.1\n",
      "18                 5.7               3.8                1.7               0.3\n",
      "19                 5.1               3.8                1.5               0.3\n",
      "26                 5.0               3.4                1.6               0.4\n",
      "29                 4.7               3.2                1.6               0.2\n",
      "30                 4.8               3.1                1.6               0.2\n",
      "31                 5.4               3.4                1.5               0.4\n",
      "36                 5.5               3.5                1.3               0.2\n",
      "45                 4.8               3.0                1.4               0.3\n",
      "55                 5.7               2.8                4.5               1.3\n",
      "56                 6.3               3.3                4.7               1.6\n",
      "64                 5.6               2.9                3.6               1.3\n",
      "68                 6.2               2.2                4.5               1.5\n",
      "69                 5.6               2.5                3.9               1.1\n",
      "73                 6.1               2.8                4.7               1.2\n",
      "76                 6.8               2.8                4.8               1.4\n",
      "78                 6.0               2.9                4.5               1.5\n",
      "82                 5.8               2.7                3.9               1.2\n",
      "104                6.5               3.0                5.8               2.2\n",
      "108                6.7               2.5                5.8               1.8\n",
      "110                6.5               3.2                5.1               2.0\n",
      "118                7.7               2.6                6.9               2.3\n",
      "127                6.1               3.0                4.9               1.8\n",
      "128                6.4               2.8                5.6               2.1\n",
      "131                7.9               3.8                6.4               2.0\n",
      "132                6.4               2.8                5.6               2.2\n",
      "141                6.9               3.1                5.1               2.3\n",
      "143                6.8               3.2                5.9               2.3\n",
      "145                6.7               3.0                5.2               2.3\n",
      "[1 0 2 1 2 0 1 2 1 1 2 0 0 0 0 1 2 1 1 2 0 2 0 2 2 2 2 2 0 0]\n"
     ]
    }
   ],
   "source": [
    "from sklearn.pipeline import Pipeline\n",
    "from sklearn.preprocessing import StandardScaler\n",
    "from sklearn.decomposition import PCA\n",
    "from sklearn.ensemble import RandomForestClassifier\n",
    "from sklearn.model_selection import train_test_split\n",
    "from sklearn.datasets import load_iris\n",
    "\n",
    "# Carregar um dataset exemplo\n",
    "data = load_iris(as_frame=True)\n",
    "X, y = data.data, data.target\n",
    "print(data)\n",
    "\n",
    "# Dividir os dados em conjuntos de treino e teste\n",
    "X_train, X_test, y_train, y_test = train_test_split(X, y, test_size=0.2, random_state=42)\n",
    "\n",
    "# Definir o pipeline\n",
    "pipeline = Pipeline([\n",
    "   ('scaler', StandardScaler()),\n",
    "   ('pca', PCA(n_components=3)),\n",
    "   ('classifier', RandomForestClassifier())\n",
    "])\n",
    "\n",
    "# Treinar o pipeline\n",
    "pipeline.fit(X_train, y_train)\n",
    "\n",
    "# Fazer previsões\n",
    "predictions = pipeline.predict(X_test)\n",
    "print(\"XTEST\")\n",
    "print(X_test)\n",
    "#order x_test by row\n",
    "X_test = X_test.sort_index()\n",
    "print(\"XTEST\")\n",
    "print(X_test)\n",
    "\n",
    "# Mostrar previsões\n",
    "print(predictions)"
   ]
  }
 ],
 "metadata": {
  "kernelspec": {
   "display_name": "Python 3",
   "language": "python",
   "name": "python3"
  },
  "language_info": {
   "codemirror_mode": {
    "name": "ipython",
    "version": 3
   },
   "file_extension": ".py",
   "mimetype": "text/x-python",
   "name": "python",
   "nbconvert_exporter": "python",
   "pygments_lexer": "ipython3",
   "version": "3.10.5"
  }
 },
 "nbformat": 4,
 "nbformat_minor": 5
}
